68
99
66
63
78
98
83
57
95
56
52
86
98
60
52
53
87
58
50
96
95
92
59
61
55
70
70
76
98
51
88
99
57
76
99
95
91
74
53
86
81
69
96
62
76
91
86
50
99
94
83
74
62
80
52
63
74
65
97
98
97
68
92
71
56
81
71
75
86
93
56
62
75
54
51
68
79
89
93
96
81
90
97
84
53
63
70
61
59
51
92
50
97
96
93
84
59
83
94
65
78
66
68
65
81
65
85
57
96
59
82
52
82
76
59
64
77
77
78
90
67
79
86
51
62
74
86
89
66
78
56
79
96
67
98
81
82
52
60
63
93
53
88
95
91
53
90
72
66
95
75
68
54
62
77
65
82
88
56
99
90
93
93
76
52
81
67
94
63
67
62
79
74
53
91
60
90
85
56
62
73
81
87
86
62
88
97
87
72
64
93
69
60
94
55
96
91
74
93
60
53
94
65
95
64
60
62
98
81
58
99
85
75
80
96
66
68
82
57
77
95
98
90
67
74
53
99
89
64
64
56
72
50
87
82
86
60
68
88
86
63
61
70
77
61
75
80
62
85
88
87
50
55
60
82
99
86
89
61
55
86
99
86
68
75
76
83
96
79
62
50
79
54
69
68
66
92
70
81
99
61
83
86
66
64
53
51
51
81
61
81
93
66
87
78
84
90
71
73
78
52
75
88
56
76
84
76
75
71
99
57
84
98
99
92
68
96
59
51
53
66
90
60
60
68
64
56
98
60
66
79
99
66
67
87
66
81
55
54
81
68
74
79
66
88
64
84
96
53
90
78
61
67
75
91
72
84
55
89
73
98
96
81
99
55
64
59
83
95
53
60
55
68
56
71
65
58
63
79
98
81
64
62
61
89
90
85
70
72
76
85
77
88
97
64
86
75
91
77
77